



MINOR IRRIGATION CENSUS(1993-94)

Table 1.1    Construction of Dugwells over the year



                                                   (in Nos.)

 --------------------------------------------------------------------------------------------------------------------------

                                                          Construction of Dugwells over the years

                                  -----------------------------------------------------------------------------------------

  Sl.   Name of State/UTs         Upto      During    During    During    During    During    During    During      Total

  No.                             1986-87   1987-88   1988-89   1989-90   1990-91   1991-92   1992-93   1993-94   (3 to 10)

 --------------------------------------------------------------------------------------------------------------------------

   1           2                     3         4         5         6         7         8         9         10        11

 --------------------------------------------------------------------------------------------------------------------------

  1.    ANDHRA PRADESH            873200     93543     68716     56060     46706     33653     23908     20626    1216412

  2.    ARUNACHAL PRADESH              0         0         0         0         0         0         0         0          0

  3.    ASSAM                         11         2         2         6         5         1         3         8         38

  4.    BIHAR                     171091     29630     37604     26719     41907     34353     27527     22367     391198

  5.    GOA                         2558       200       252       206       218       180       199       162       3975

  6.    GUJARAT                        0         0         0         0         0         0         0         0          0

  7.    HARYANA                    13104      3331      2680      3030      1603      1130       967       595      26440

  8.    HIMACHAL PRADESH            1324        74        52        39        52        70        36        75       1722

  9.    JAMMU & KASHMIR             1336        46        14        15        10         4         0         0       1425

 10.    KARNATAKA                 202891     30041     23282     19410     16002     10834      5968     13431     321859

 11.    KERALA                     29908      8407      7628     17103     20856     18129     13898     10766     126695

 12.    MADHYA PRADESH            717172     69623     63090     63533     79651     50491     48514     34365    1126439

 13.    MAHARASHTRA                    0         0         0         0         0         0         0         0          0

 14.    MANIPUR                        0         0         0         0         0         0         0         0          0

 15.    MEGHALAYA                      0         0         0         0         0         1         1         0          2

 16.    MIZORAM                       60       149       110        40        44        29        38        20        490

 17.    NAGALAND                     446         0        17        26        16         6         5        14        530

 18.    ORISSA                    204435     16550     12550     14960     20761     19782     18710     15349     323097

 19.    PUNJAB                      8591       825       733       521       415       260       191       135      11671

 20.    RAJASTHAN                 817915     47229     45256     35734     30775     26851     20074     19243    1043077

 21.    SIKKIM                         0         0         0         0         0         0         0         0          0

 22.    TAMIL NADU               1082721     70511     38277     27229     20526     10940      5185     54399    1309788

 23.    TRIPURA                      114        40        52        33        61       109        79       317        805

 24.    UTTAR PRADESH              79183     10798      9365      8537      8598      6869      5927      7047     136324

 25.    WEST BENGAL                21454      4812      4224      4357      4512      3932      3984      8708      55983

 26.    ANDAMAN & NICOBARS             0         0         0         0         0         0         0         0          0

 27.    DADRA & NAGAR HAVELI         154        15        26        59        52        22        47        38        413

 28.    DELHI                          0         0         0         0         0         0         0         0          0

 29.    PONDICHERRY                  153        16        16         8        17         4         2         6        222

 --------------------------------------------------------------------------------------------------------------------------

             Total :             4227821    385842    313946    277625    292787    217650    175263    207671    6098605

 --------------------------------------------------------------------------------------------------------------------------









MINOR IRRIGATION CENSUS(1993-94)

Table 1.2     Distribution according to ownership



                                                   (in Nos.)

 --------------------------------------------------------------------------------------------------------------

                                                                 Dugwells  Owned   by

                                    ---------------------------------------------------------------------------

  Sl.   Name of State/UTs             Govt.    Coop.      Panchayat  Group of   Individual  Others     Total

  No.                                 Owned    Societies  Owned      farmers    farmers              (3 to 8)

 --------------------------------------------------------------------------------------------------------------

   1           2                         3         4         5           6          7          8          9

 --------------------------------------------------------------------------------------------------------------

  1.    ANDHRA PRADESH                 2292       1908        347     120078    1091029        758   1216412

  2.    ARUNACHAL PRADESH                 0          0          0          0          0          0         0

  3.    ASSAM                             0          0          0          0         38          0        38

  4.    BIHAR                         17699        795        976       1647     369418        663    391198

  5.    GOA                              49         22          0        109       3782         13      3975

  6.    GUJARAT                           0          0          0          0          0          0         0

  7.    HARYANA                          95         38        270      15633      10371         33     26440

  8.    HIMACHAL PRADESH                170          3          0        276       1271          2      1722

  9.    JAMMU & KASHMIR                 652        109         18        543         79         24      1425

 10.    KARNATAKA                       456         89         22       1071     319782        439    321859

 11.    KERALA                          365         23        231        106     125894         76    126695

 12.    MADHYA PRADESH                18276       1316       1691     152030     951784       1342   1126439

 13.    MAHARASHTRA                       0          0          0          0          0          0         0

 14.    MANIPUR                           0          0          0          0          0          0         0

 15.    MEGHALAYA                         2          0          0          0          0          0         2

 16.    MIZORAM                           1          0          0          0        489          0       490

 17.    NAGALAND                          0          0          0          1        528          1       530

 18.    ORISSA                         1172        113        128        346     321297         41    323097

 19.    PUNJAB                           21          3         15         74      11556          2     11671

 20.    RAJASTHAN                     27186        749       2027     688477     321859       2779   1043077

 21.    SIKKIM                            0          0          0          0          0          0         0

 22.    TAMIL NADU                     2233       1023       2848     185360    1076524      41800   1309788

 23.    TRIPURA                          83          9         15          3        694          1       805

 24.    UTTAR PRADESH                   130         12        505      21649     113975         53    136324

 25.    WEST BENGAL                    4205        171       3057       2414      44851       1285     55983

 26.    ANDAMAN & NICOBARS                0          0          0          0          0          0         0

 27.    DADRA & NAGAR HAVELI              0          7          7          1        398          0       413

 28.    DELHI                             0          0          0          0          0          0         0

 29.    PONDICHERRY                       2          0          0          0        220          0       222

 --------------------------------------------------------------------------------------------------------------

             Total :                  75089       6390      12157    1189818    4765839      49312   6098605

 --------------------------------------------------------------------------------------------------------------









MINOR IRRIGATION CENSUS(1993-94)

Table 1.3    Distribution of Dugwells according to the holding size



                                                   (in Nos.)

 -------------------------------------------------------------------------------------

                                          According to Farmers' Holding size

                                 -----------------------------------------------------

   Sl.  Name of State/UTs         Marginal   Small      Medium     Big        Total

   No.                            (0-1 ha)  (1-2 ha)   (2-10 ha)  (>10 ha)   (3 to 6)

 -------------------------------------------------------------------------------------

    1          2                       3         4         5         6          7

 -------------------------------------------------------------------------------------

  1.    ANDHRA PRADESH            431898     425767     326547      26895   1211107

  2.    ARUNACHAL PRADESH              0          0          0          0         0

  3.    ASSAM                          1          7         29          1        38

  4.    BIHAR                     186081     120136      59153       5695    371065

  5.    GOA                         2809        507        487         88      3891

  6.    GUJARAT                        0          0          0          0         0

  7.    HARYANA                     1754       5826      17017       1407     26004

  8.    HIMACHAL PRADESH             419        347        407        374      1547

  9.    JAMMU & KASHMIR              679        179        338        229      1425

 10.    KARNATAKA                  80162     108531     112803      19357    320853

 11.    KERALA                    110005      12559       3230        206    126000

 12.    MADHYA PRADESH            146245     289114     548084     120371   1103814

 13.    MAHARASHTRA                    0          0          0          0         0

 14.    MANIPUR                        0          0          0          0         0

 15.    MEGHALAYA                      0          0          0          0         0

 16.    MIZORAM                      212        217         60          0       489

 17.    NAGALAND                     185        255         88          1       529

 18.    ORISSA                    106688     127052      80223       7680    321643

 19.    PUNJAB                      1370       2320       7453        487     11630

 20.    RAJASTHAN                  93868     174826     671357      70285   1010336

 21.    SIKKIM                         0          0          0          0         0

 22.    TAMIL NADU                674920     349856     216468      20640   1261884

 23.    TRIPURA                      546        107         42          2       697

 24.    UTTAR PRADESH              48564      46589      37430       3041    135624

 25.    WEST BENGAL                30072      12853       4102        238     47265

 26.    ANDAMAN & NICOBARS             0          0          0          0         0

 27.    DADRA & NAGAR HAVELI         157        174         62          6       399

 28.    DELHI                          0          0          0          0         0

 29.    PONDICHERRY                  112         85         23          0       220

 -------------------------------------------------------------------------------------

             Total :             1916747    1677307    2085403     277003   5956460

 -------------------------------------------------------------------------------------









MINOR IRRIGATION CENSUS (1993-94)

Table 1.4    Distribution of Dugwells according to social status



                                                   (in Nos.)

 ----------------------------------------------------------------------------------------------------

                                      According to Social Status of farmers     Owned by      Grand

                                    -----------------------------------------   other than    Total

   Sl.  Name of State/UTs            Schedule   Schedule   Others     Total     ind./group

   No.                               Caste      Tribe                (3+4+5)    of farmers   (6 + 7)

 ----------------------------------------------------------------------------------------------------

    1          2                         3          4         5           6           7          8

 ----------------------------------------------------------------------------------------------------

  1.    ANDHRA PRADESH                127732      85393    997982    1211107       5305     1216412

  2.    ARUNACHAL PRADESH                  0          0         0          0          0           0

  3.    ASSAM                              5         13        20         38          0          38

  4.    BIHAR                          49556     110994    210515     371065      20133      391198

  5.    GOA                               17          4      3870       3891         84        3975

  6.    GUJARAT                            0          0         0          0          0           0

  7.    HARYANA                          561        636     24807      26004        436       26440

  8.    HIMACHAL PRADESH                 121         15      1411       1547        175        1722

  9.    JAMMU & KASHMIR                   59          0       563        622        803        1425

 10.    KARNATAKA                      21157      14011    285685     320853       1006      321859

 11.    KERALA                          5025        771    120204     126000        695      126695

 12.    MADHYA PRADESH                 96482     157912    849420    1103814      22625     1126439

 13.    MAHARASHTRA                        0          0         0          0          0           0

 14.    MANIPUR                            0          0         0          0          0           0

 15.    MEGHALAYA                          0          0         0          0          2           2

 16.    MIZORAM                            0        472        17        489          1         490

 17.    NAGALAND                           2        527         0        529          1         530

 18.    ORISSA                         40485     101489    179669     321643       1454      323097

 19.    PUNJAB                           581        107     10942      11630         41       11671

 20.    RAJASTHAN                      80451     103815    826070    1010336      32741     1043077

 21.    SIKKIM                             0          0         0          0          0           0

 22.    TAMIL NADU                    110202      15983   1135699    1261884      47904     1309788

 23.    TRIPURA                          122        167       408        697        108         805

 24.    UTTAR PRADESH                  21767       2192    111665     135624        700      136324

 25.    WEST BENGAL                    12839       7139     27287      47265       8718       55983

 26.    ANDAMAN & NICOBARS                 0          0         0          0          0           0

 27.    DADRA & NAGAR HAVELI               4        306        89        399         14         413

 28.    DELHI                              0          0         0          0          0           0

 29.    PONDICHERRY                        5          0       215        220          2         222

 ----------------------------------------------------------------------------------------------------

             Total :                  567173     601946   4786538    5955657     142948     6098605

 ----------------------------------------------------------------------------------------------------







 MINOR IRRIGATION CENSUS(1993-94)

Table 1.5    Distribution of Dugwells by its type



                                                   (in Nos.)

 ----------------------------------------------------------------------------------

                                                    Type of Dugwells

                                 --------------------------------------------------

   Sl.  Name of State/UTs         Pucca    Kuchcha   Dug-cum   Others     Total

   No.                                               Borewell           (3 to 6)

 ----------------------------------------------------------------------------------

    1          2                     3          4         5        6          7

 ----------------------------------------------------------------------------------

  1.    ANDHRA PRADESH            346289    730558    133251      6314    1216412

  2.    ARUNACHAL PRADESH              0         0         0         0          0

  3.    ASSAM                         11        10        17         0         38

  4.    BIHAR                     340630     25108     24570       890     391198

  5.    GOA                         2773      1188        11         3       3975

  6.    GUJARAT                        0         0         0         0          0

  7.    HARYANA                    22587      1068      2438       347      26440

  8.    HIMACHAL PRADESH            1374       306        39         3       1722

  9.    JAMMU & KASHMIR              542       831        48         4       1425

 10.    KARNATAKA                 107000    182252     26915      5692     321859

 11.    KERALA                     96816     28360       632       887     126695

 12.    MADHYA PRADESH            728017    362215     32260      3947    1126439

 13.    MAHARASHTRA                    0         0         0         0          0

 14.    MANIPUR                        0         0         0         0          0

 15.    MEGHALAYA                      2         0         0         0          2

 16.    MIZORAM                      425        59         0         6        490

 17.    NAGALAND                     269       260         0         1        530

 18.    ORISSA                    233558     86376      1320      1843     323097

 19.    PUNJAB                     10164       364      1050        93      11671

 20.    RAJASTHAN                 866975     98529     75744      1829    1043077

 21.    SIKKIM                         0         0         0         0          0

 22.    TAMIL NADU                946748    299748     35955     27337    1309788

 23.    TRIPURA                       59       148        70       528        805

 24.    UTTAR PRADESH             120074      9431      5843       976     136324

 25.    WEST BENGAL                35108     19736       778       361      55983

 26.    ANDAMAN & NICOBARS             0         0         0         0          0

 27.    DADRA & NAGAR HAVELI         401         6         1         5        413

 28.    DELHI                          0         0         0         0          0

 29.    PONDICHERRY                    5         9       208         0        222

 ----------------------------------------------------------------------------------

             Total :             3859827   1846562    341150     51066    6098605

 ----------------------------------------------------------------------------------





MINOR IRRIGATION CENSUS(1993-94)

Table 1.6    Distribution of Dugwells by its status





                                                   (in Nos.)

 -------------------------------------------------------------------------------------------------------------------

                                     Wells  ---------------  Dugwells Not in Use  ------------------------   Grand

   Sl.  Name of State/UTs             In    Temporary  Abondoned  Dried up  Destroyed   Others    Total      Total

   No.                                Use              (Salinity)                               (4 to 8)    (3 + 9)

 -------------------------------------------------------------------------------------------------------------------

    1          2                       3          4         5          6          7        8         9         10

 -------------------------------------------------------------------------------------------------------------------

  1.    ANDHRA PRADESH             1018370    101833      7578      62782     15332     10517    198042    1216412

  2.    ARUNACHAL PRADESH                0         0         0          0         0         0         0          0

  3.    ASSAM                           28         9         0          0         1         0        10         38

  4.    BIHAR                       354682     18257       309       8479      3133      6338     36516     391198

  5.    GOA                           3888        59        11          1         4        12        87       3975

  6.    GUJARAT                          0         0         0          0         0         0         0          0

  7.    HARYANA                      26252         0         0          0         0       188       188      26440

  8.    HIMACHAL PRADESH              1703         9         1          6         2         1        19       1722

  9.    JAMMU & KASHMIR               1403        22         0          0         0         0        22       1425

 10.    KARNATAKA                   271245     17260      4928      25010      1449      1967     50614     321859

 11.    KERALA                      126536       133         3          9         8         6       159     126695

 12.    MADHYA PRADESH             1070280      9754      5313      13084      2895     25113     56159    1126439

 13.    MAHARASHTRA                      0         0         0          0         0         0         0          0

 14.    MANIPUR                          0         0         0          0         0         0         0          0

 15.    MEGHALAYA                        2         0         0          0         0         0         0          2

 16.    MIZORAM                        403        62         1          2         5        17        87        490

 17.    NAGALAND                       232       230         0          0         3        65       298        530

 18.    ORISSA                      266403     48864      1071       2262      1967      2530     56694     323097

 19.    PUNJAB                       11511       125        31          2         0         2       160      11671

 20.    RAJASTHAN                   820032    212951      2250       5184      1011      1649    223045    1043077

 21.    SIKKIM                           0         0         0          0         0         0         0          0

 22.    TAMIL NADU                 1137980     92854     21563      28379     10559     18453    171808    1309788

 23.    TRIPURA                        800         2         1          1         1         0         5        805

 24.    UTTAR PRADESH               121825      4540      6012       1791       263      1893     14499     136324

 25.    WEST BENGAL                  49862      4239       220        861       411       390      6121      55983

 26.    ANDAMAN & NICOBARS               0         0         0          0         0         0         0          0

 27.    DADRA & NAGAR HAVELI           409         4         0          0         0         0         4        413

 28.    DELHI                            0         0         0          0         0         0         0          0

 29.    PONDICHERRY                    191        12         0          4        15         0        31        222

 -------------------------------------------------------------------------------------------------------------------

             Total :               5284037    511219     49292     147857     37059     69141    814568    6098605

 -------------------------------------------------------------------------------------------------------------------







MINOR IRRIGATION CENSUS(1993-94)

Table 1.7  Distribution of Dugwells according to Finance source



                                         (in Nos.)

 ------------------------------------------------------------------------------------------------

                                             Source of Finance for constructing Dugwells

                                    -------------------------------------------------------------

   Sl.  Name of State/UTs           Farmers   Loan &    Subsidy &   Subsidy   Others     Total

   No.                              Saving    Saving    Bank loan   Only               (3 to 7)

 ------------------------------------------------------------------------------------------------

    1          2                       3         4         5           6         7           8

 ------------------------------------------------------------------------------------------------

  1.    ANDHRA PRADESH              1027580     87785     35569      50190     12996    1214120

  2.    ARUNACHAL PRADESH                 0         0         0          0         0          0

  3.    ASSAM                             6        12         2         11         7         38

  4.    BIHAR                        164702      6843     14387     177085     10482     373499

  5.    GOA                            2443       394       763        218       108       3926

  6.    GUJARAT                           0         0         0          0         0          0

  7.    HARYANA                        8223     15400      2281        169       272      26345

  8.    HIMACHAL PRADESH                847       162        32        497        14       1552

  9.    JAMMU & KASHMIR                 942       269       139         65        10       1425

 10.    KARNATAKA                    238985     60434      9993       1767     10224     321403

 11.    KERALA                        52422     14020     43625      10402      5861     126330

 12.    MADHYA PRADESH               802183    130848     63937      29307     81888    1108163

 13.    MAHARASHTRA                       0         0         0          0         0          0

 14.    MANIPUR                           0         0         0          0         0          0

 15.    MEGHALAYA                         0         0         0          0         0          0

 16.    MIZORAM                          35         0         5        383        66        489

 17.    NAGALAND                         25         0         0        502         3        530

 18.    ORISSA                       131422     33489     77729      72068      7217     321925

 19.    PUNJAB                         3072      8268       294         12         4      11650

 20.    RAJASTHAN                    913483     60628     20482       8862     12436    1015891

 21.    SIKKIM                            0         0         0          0         0          0

 22.    TAMIL NADU                  1200757     46725     26411       9300     24362    1307555

 23.    TRIPURA                         306         1        19        297        99        722

 24.    UTTAR PRADESH                103935     17494      6592       6343      1830     136194

 25.    WEST BENGAL                   26494      2742      3615      16386      2541      51778

 26.    ANDAMAN & NICOBARS                0         0         0          0         0          0

 27.    DADRA & NAGAR HAVELI            109        18       118        139        29        413

 28.    DELHI                             0         0         0          0         0          0

 29.    PONDICHERRY                     182        29         0          0         9        220

 ------------------------------------------------------------------------------------------------

             Total :                4678153    485561    305993     384003    170458    6024168

 ------------------------------------------------------------------------------------------------







MINOR IRRIGATION CENSUS(1993-94)

Table 1.8   Dugwells according to water distribution system



                                         (in Nos.)

 ------------------------------------------------------------------------------------------------

                                            According to Water Distribution System

                                    -------------------------------------------------------------

   Sl.  Name of State/UTs           Sprinkler    Drip    Open      Under gr.   Others     Total

   No.                                           Irri.   Channel   Channel              (3 to 7)

 ------------------------------------------------------------------------------------------------

    1          2                         3         4         5         6           7         8

 ------------------------------------------------------------------------------------------------

  1.    ANDHRA PRADESH                  6829      5340   1116106     41769     46368    1216412

  2.    ARUNACHAL PRADESH                  0         0         0         0         0          0

  3.    ASSAM                              0         0        36         0         2         38

  4.    BIHAR                           5745      2559    342930      5728     34236     391198

  5.    GOA                              462        73      2338       196       906       3975

  6.    GUJARAT                            0         0         0         0         0          0

  7.    HARYANA                         6158       762     15978      2910       632      26440

  8.    HIMACHAL PRADESH                   6         3      1610        45        58       1722

  9.    JAMMU & KASHMIR                    0         0       322        11      1092       1425

 10.    KARNATAKA                      20537      4256    224764     19577     52725     321859

 11.    KERALA                          1332      1683     66691     16742     40247     126695

 12.    MADHYA PRADESH                 40858      6303    863215    151860     64203    1126439

 13.    MAHARASHTRA                        0         0         0         0         0          0

 14.    MANIPUR                            0         0         0         0         0          0

 15.    MEGHALAYA                          0         0         2         0         0          2

 16.    MIZORAM                            0       194       181         7       108        490

 17.    NAGALAND                           0         0         0         3       527        530

 18.    ORISSA                          1860       570    257147      1102     62418     323097

 19.    PUNJAB                           158       204     11271        23        15      11671

 20.    RAJASTHAN                     149136     12921    715914     20097    145009    1043077

 21.    SIKKIM                             0         0         0         0         0          0

 22.    TAMIL NADU                     74121     12565   1116153     31852     75097    1309788

 23.    TRIPURA                           26         0       436        16       327        805

 24.    UTTAR PRADESH                   5404      1459    115456       950     13055     136324

 25.    WEST BENGAL                     2594       641     46100       724      5924      55983

 26.    ANDAMAN & NICOBARS                 0         0         0         0         0          0

 27.    DADRA & NAGAR HAVELI               0        19       353        36         5        413

 28.    DELHI                              0         0         0         0         0          0

 29.    PONDICHERRY                        7         9       196        10         0        222

 ------------------------------------------------------------------------------------------------

             Total :                  315233     49561   4897199    293658    542954    6098605

 ------------------------------------------------------------------------------------------------







MINOR IRRIGATION CENSUS(1993-94)

Table 1.9   Dugwells according to water lifting device



                                                   (in Nos.)

 -------------------------------------------------------------------------------------------------------

                                             According to Water Lifting Devices for Dugwells

                                  ----------------------------------------------------------------------

  Sl.   Name of State/UTs         Electric   Diesel     Wind      Solar    Man/Ani.   Others    Total

  No.                             Pumps      Pumps      Mills     Pumps    operated            (3 to 8)

 -------------------------------------------------------------------------------------------------------

   1           2                       3        4          5         6         7         8         9

 -------------------------------------------------------------------------------------------------------

  1.    ANDHRA PRADESH              980492    130834      2053       310     95001      7722   1216412

  2.    ARUNACHAL PRADESH                0         0         0         0         0         0         0

  3.    ASSAM                            0        28         0         0         9         1        38

  4.    BIHAR                        17660    148265       827       379    210208     13859    391198

  5.    GOA                           2399       275         3         1      1254        43      3975

  6.    GUJARAT                          0         0         0         0         0         0         0

  7.    HARYANA                      19697      6448       116        26        64        89     26440

  8.    HIMACHAL PRADESH              1086       324         2         1       305         4      1722

  9.    JAMMU & KASHMIR                283        87         0         0      1046         9      1425

 10.    KARNATAKA                   265105     24597      1817       506     10181     19653    321859

 11.    KERALA                       79405     14784        73       108     28840      3485    126695

 12.    MADHYA PRADESH              920448     90560      3501       353    106607      4970   1126439

 13.    MAHARASHTRA                      0         0         0         0         0         0         0

 14.    MANIPUR                          0         0         0         0         0         0         0

 15.    MEGHALAYA                        0         0         0         0         2         0         2

 16.    MIZORAM                          0         0         0         0       490         0       490

 17.    NAGALAND                        15       176         0         0         1       338       530

 18.    ORISSA                       15911     14159       292       193    287205      5337    323097

 19.    PUNJAB                        7001      3976       269         9       339        77     11671

 20.    RAJASTHAN                   401688    421754      3047       956    132432     83200   1043077

 21.    SIKKIM                           0         0         0         0         0         0         0

 22.    TAMIL NADU                  877022    241872     10551      1343    161995     17005   1309788

 23.    TRIPURA                          3        14         0         0       717        71       805

 24.    UTTAR PRADESH                10772    112013       479       486     10474      2100    136324

 25.    WEST BENGAL                   1086     15642       207        38     33008      6002     55983

 26.    ANDAMAN & NICOBARS               0         0         0         0         0         0         0

 27.    DADRA & NAGAR HAVELI           180       233         0         0         0         0       413

 28.    DELHI                            0         0         0         0         0         0         0

 29.    PONDICHERRY                    215         4         0         0         0         3       222

 -------------------------------------------------------------------------------------------------------

             Total :               3600468   1226045     23237      4709   1080178    163968   6098605

 -------------------------------------------------------------------------------------------------------





MINOR IRRIGATION CENSUS(1993-94)

Table 1.10    Dugwells according to horse power



                                                   (in Nos.)

 ---------------------------------------------------------------------------------------------------------------------

                                                       According to horse power of lifting devices

                                    ----------------------------------------------------------------------------------

  Sl.   Name of State/UTs             0-2 hp    2-4 hp    4-6 hp    6-8 hp    8-10 hp   Above   Unspecified   Total

  No.                                                                                   10 hp    hp = 0      (3 to 9)

 ---------------------------------------------------------------------------------------------------------------------

   1           2                         3         4          5         6         7         8        9           10

 ---------------------------------------------------------------------------------------------------------------------

  1.    ANDHRA PRADESH                  6447    594209    491955     19360      6294      3146     95001    1216412

  2.    ARUNACHAL PRADESH                  0         0         0         0         0         0         0          0

  3.    ASSAM                              0         0        29         0         0         0         9         38

  4.    BIHAR                          53942     12902    105555      5446       785      1008    211560     391198

  5.    GOA                             1335       767       503        38        49        29      1254       3975

  6.    GUJARAT                            0         0         0         0         0         0         0          0

  7.    HARYANA                          445       267      7584     12044      4688      1348        64      26440

  8.    HIMACHAL PRADESH                  92        97       679       348       136        65       305       1722

  9.    JAMMU & KASHMIR                   32        75       374       325         0       599        20       1425

 10.    KARNATAKA                      42730     90405    162151      8526      6852      1014     10181     321859

 11.    KERALA                         74339     17356      4886       487       415       372     28840     126695

 12.    MADHYA PRADESH                 19155    609386    354533     29104      4825      2829    106607    1126439

 13.    MAHARASHTRA                        0         0         0         0         0         0         0          0

 14.    MANIPUR                            0         0         0         0         0         0         0          0

 15.    MEGHALAYA                          0         0         0         0         0         0         2          2

 16.    MIZORAM                            0         0         0         0         0         0       490        490

 17.    NAGALAND                          18         1       181         1         0         0       329        530

 18.    ORISSA                         20638      6477      8520        23        46       188    287205     323097

 19.    PUNJAB                           725      2038      5329      2775       172       293       339      11671

 20.    RAJASTHAN                       5679     37107    290958    239871     88913     38612    341937    1043077

 21.    SIKKIM                             0         0         0         0         0         0         0          0

 22.    TAMIL NADU                     30618    335948    684390     68659      9265      7549    173359    1309788

 23.    TRIPURA                            1         0        84         0         0         3       717        805

 24.    UTTAR PRADESH                   5762      1682      8762     96989     10378      1306     11445     136324

 25.    WEST BENGAL                     2208      6923     13791         0         0         0     33061      55983

 26.    ANDAMAN & NICOBARS                 0         0         0         0         0         0         0          0

 27.    DADRA & NAGAR HAVELI               3       151       236         0        10        13         0        413

 28.    DELHI                              0         0         0         0         0         0         0          0

 29.    PONDICHERRY                        1         0       116        89         7         9         0        222

 ---------------------------------------------------------------------------------------------------------------------

             Total :                  264170   1715791   2140616    484085    132835     58383   1302725    6098605

 ---------------------------------------------------------------------------------------------------------------------





MINOR IRRIGATION CENSUS(1993-94)

Table 1.11   Dugwells in the command of Major/Medium projects and average pumping hours



                                                  (in Nos.)

 --------------------------------------------------------------------------------------------------------------------------------------

                                    Location  of Dugwells                According to Average Pumping Hours during peak season

                                 ----------------------------  ------------------------------------------------------------------------

   Sl.  Name of State/UTs         On the   Outside    Total     0-4 hrs   4-8 hrs   8-12 hrs    12-16     16-20     20-24      Total

   No.                            Maj/Med  Command   (3 + 4)                                     hrs       hrs       hrs     (6 to 11)

 --------------------------------------------------------------------------------------------------------------------------------------

    1          2                      3         4        5           6         7         8         9         10        11         12

 --------------------------------------------------------------------------------------------------------------------------------------

  1.    ANDHRA PRADESH             82954   1133458   1216412      781313    348115     69160     12388      4034      1402    1216412

  2.    ARUNACHAL PRADESH              0         0         0           0         0         0         0         0         0          0

  3.    ASSAM                          0        38        38          29         9         0         0         0         0         38

  4.    BIHAR                      15976    375222    391198      242384    130571     16633       906       315       389     391198

  5.    GOA                          203      3772      3975        3514       445        15         0         0         1       3975

  6.    GUJARAT                        0         0         0           0         0         0         0         0         0          0

  7.    HARYANA                     6309     20131     26440        3502     18739      4013       162        23         1      26440

  8.    HIMACHAL PRADESH              27      1695      1722         944       616       133        14        10         5       1722

  9.    JAMMU & KASHMIR              112      1313      1425         490       935         0         0         0         0       1425

 10.    KARNATAKA                  56077    265782    321859      202270     97952     16438      2216      1374      1609     321859

 11.    KERALA                      4929    121766    126695      113685     11506      1058       248        96       102     126695

 12.    MADHYA PRADESH             20103   1106336   1126439      320849    420788    246091     88083     49372      1256    1126439

 13.    MAHARASHTRA                    0         0         0           0         0         0         0         0         0          0

 14.    MANIPUR                        0         0         0           0         0         0         0         0         0          0

 15.    MEGHALAYA                      0         2         2           2         0         0         0         0         0          2

 16.    MIZORAM                        1       489       490         490         0         0         0         0         0        490

 17.    NAGALAND                       0       530       530         345       183         2         0         0         0        530

 18.    ORISSA                     15479    307618    323097      318481      4021       428        81        46        40     323097

 19.    PUNJAB                      5387      6284     11671        1160      4669      5665       128        16        33      11671

 20.    RAJASTHAN                  10364   1032713   1043077      579450    398342     49940      7332      4864      3149    1043077

 21.    SIKKIM                         0         0         0           0         0         0         0         0         0          0

 22.    TAMIL NADU                211586   1098202   1309788      948819    306738     42942      6773      3141      1375    1309788

 23.    TRIPURA                        0       805       805         270        96        60        32         0       347        805

 24.    UTTAR PRADESH              34278    102046    136324       83351     43345      7807      1081       337       403     136324

 25.    WEST BENGAL                 5134     50849     55983       48620      7363         0         0         0         0      55983

 26.    ANDAMAN & NICOBARS             0         0         0           0         0         0         0         0         0          0

 27.    DADRA & NAGAR HAVELI          41       372       413         314        74        25         0         0         0        413

 28.    DELHI                          0         0         0           0         0         0         0         0         0          0

 29.    PONDICHERRY                    1       221       222          31        55        87        37        11         1        222

 --------------------------------------------------------------------------------------------------------------------------------------

             Total :              468961   5629644   6098605     3650313   1794562    460497    119481     63639     10113    6098605

 --------------------------------------------------------------------------------------------------------------------------------------







MINOR IRRIGATION CENSUS(1993-94)

Table 1.12   Average length of Water Conveyance Channel



                                                   (in Mts.)

 ----------------------------------------------------------------------------------

                                  Total             Average length of channels

                                  Number      --------------------------------------

   Sl.  Name of State/UTs           of        Pucca    Kuccha   Under gr.   Total

   No.                            Dugwells    Channel  Channel  Channel    (4+5+6)

 ----------------------------------------------------------------------------------

    1          2                      3           4        5         6         7

 ----------------------------------------------------------------------------------

  1.    ANDHRA PRADESH           1216412          3        55         4        62

  2.    ARUNACHAL PRADESH              0          0         0         0         0

  3.    ASSAM                         38         17       104         2       123

  4.    BIHAR                     391198          3        61         7        71

  5.    GOA                         3975         23        68        42       133

  6.    GUJARAT                        0          0         0         0         0

  7.    HARYANA                    26440         29       127         8       164

  8.    HIMACHAL PRADESH            1722         10        77        20       107

  9.    JAMMU & KASHMIR             1425         51       100         0       151

 10.    KARNATAKA                 321859         19        48        14        81

 11.    KERALA                    126695          5        45        23        73

 12.    MADHYA PRADESH           1126439          1        41        20        62

 13.    MAHARASHTRA                    0          0         0         0         0

 14.    MANIPUR                        0          0         0         0         0

 15.    MEGHALAYA                      2          0         5         0         5

 16.    MIZORAM                      490         42        70         0       112

 17.    NAGALAND                     530          7         2         0         9

 18.    ORISSA                    323097          0        13         0        13

 19.    PUNJAB                     11671          8       249         7       264

 20.    RAJASTHAN                1043077         11       104        10       125

 21.    SIKKIM                         0          0         0         0         0

 22.    TAMIL NADU               1309788         15        27         3        45

 23.    TRIPURA                      805          2        65        13        80

 24.    UTTAR PRADESH             136324          8        92         1       101

 25.    WEST BENGAL                55983          0        82         1        83

 26.    ANDAMAN & NICOBARS             0          0         0         0         0

 27.    DADRA & NAGAR HAVELI         413          3        44         0        47

 28.    DELHI                          0          0         0         0         0

 29.    PONDICHERRY                  222          1        94         2        97

 ----------------------------------------------------------------------------------

             Total :             6098605        258      1573       177      2008

 ----------------------------------------------------------------------------------







MINOR IRRIGATION CENSUS(1993-94)

Table 1.13   Culturable Command Area and Potential Created



                                                   (in Ha.)

 --------------------------------------------------------------------------------------------------

                                    Culturable              Irrigation Potential Created

   Sl.   Name of State/UTs          Command      --------------------------------------------------

   No.                              Area          Kharif     Rabi    Perenial   Others     Total

 --------------------------------------------------------------------------------------------------

   1           2                        3           4          5          6         7         8

 --------------------------------------------------------------------------------------------------

  1.    ANDHRA PRADESH                1351835   1045144    760396     66671     14672    1886883

  2.    ARUNACHAL PRADESH                   0         0         0         0         0          0

  3.    ASSAM                              77        67        39         0         6        112

  4.    BIHAR                          337023    202704    229971     25027     15923     473625

  5.    GOA                              3777        13       999      2240       585       3837

  6.    GUJARAT                             0         0         0         0         0          0

  7.    HARYANA                         60451     60448     60451         0         0     120899

  8.    HIMACHAL PRADESH                 3090      2381      2726        91        32       5230

  9.    JAMMU & KASHMIR                   786       665       612         0         0       1277

 10.    KARNATAKA                      521861    332229    179990     93818     46597     652634

 11.    KERALA                          72703      9904     10945     50086     15236      86171

 12.    MADHYA PRADESH                2365369    610332   2171037     23925      5134    2810428

 13.    MAHARASHTRA                         0         0         0         0         0          0

 14.    MANIPUR                             0         0         0         0         0          0

 15.    MEGHALAYA                           6         6         6         0         0         12

 16.    MIZORAM                           820       477       335        18         2        832

 17.    NAGALAND                          759       547       342         1         1        891

 18.    ORISSA                         137621    107103     81294     10018      7528     205943

 19.    PUNJAB                          48584     43781     48302      1279       845      94207

 20.    RAJASTHAN                     2976879    296468   3168870     19210     57958    3542506

 21.    SIKKIM                              0         0         0         0         0          0

 22.    TAMIL NADU                    6240909   3237480   3374749    894347    766430    8273006

 23.    TRIPURA                           993       652       728       170        86       1636

 24.    UTTAR PRADESH                  384821    115625    274365     48834     32872     471696

 25.    WEST BENGAL                     24386     20613     15664      1050      2552      39879

 26.    ANDAMAN & NICOBARS                  0         0         0         0         0          0

 27.    DADRA & NAGAR HAVELI              618       415       230       174        35        854

 28.    DELHI                               0         0         0         0         0          0

 29.    PONDICHERRY                       241       148       195        68        17        428

 --------------------------------------------------------------------------------------------------

             Total :                 14533609   6087202  10382246   1237027    966511   18672986

 --------------------------------------------------------------------------------------------------





MINOR IRRIGATION CENSUS(1993-94)

Table 1.14    Irrigation Potential Utilised



                                                   (in Ha.)

 ----------------------------------------------------------------------------------

                                        Actual Area Irrigated during 1993-94

   Sl.   Name of State/UTs       --------------------------------------------------

   No.                             Kharif     Rabi    Perenial   Others     Total

 ----------------------------------------------------------------------------------

   1           2                      3         4         5         6         7

 ----------------------------------------------------------------------------------

  1.    ANDHRA PRADESH            676518    499160     58911     10577    1245166

  2.    ARUNACHAL PRADESH              0         0         0         0          0

  3.    ASSAM                         30        16         0         1         47

  4.    BIHAR                     139148    160852     15819      8834     324653

  5.    GOA                            9       935      2086       408       3438

  6.    GUJARAT                        0         0         0         0          0

  7.    HARYANA                    60448     60451         0         0     120899

  8.    HIMACHAL PRADESH            1993      2465        47        22       4527

  9.    JAMMU & KASHMIR              585       533         0         0       1118

 10.    KARNATAKA                 253823    142621     76176     28334     500954

 11.    KERALA                      8866      9583     47369     13493      79311

 12.    MADHYA PRADESH            221083   1776693     18507      4444    2020727

 13.    MAHARASHTRA                    0         0         0         0          0

 14.    MANIPUR                        0         0         0         0          0

 15.    MEGHALAYA                      6         5         0         0         11

 16.    MIZORAM                      362       247         6         0        615

 17.    NAGALAND                     234        87         1         0        322

 18.    ORISSA                     45880     36847      7912      1146      91785

 19.    PUNJAB                     36173     41369      1666       579      79787

 20.    RAJASTHAN                 160598   2870268     23905     31723    3086494

 21.    SIKKIM                         0         0         0         0          0

 22.    TAMIL NADU               1807696   1716097    616804    187989    4328586

 23.    TRIPURA                      410       649        14        48       1121

 24.    UTTAR PRADESH              72550    227057     19201     25744     344552

 25.    WEST BENGAL                 8115     12111       732      1502      22460

 26.    ANDAMAN & NICOBARS             0         0         0         0          0

 27.    DADRA & NAGAR HAVELI         393       170       157        22        742

 28.    DELHI                          0         0         0         0          0

 29.    PONDICHERRY                  136       174        66        17        393

 ----------------------------------------------------------------------------------

             Total :             3495056   7558390    889379    314883   12257708

 ----------------------------------------------------------------------------------







MINOR IRRIGATION CENSUS (1993-94)

Table 1.15    Irrigation through supplementary sources



                                                   (in Ha.)

 ----------------------------------------------------------------------------------

                                    Supplementary Irrigation in 1993-94

   Sl.   Name of State/UTs       --------------------------------------------------

   No.                            Kharif     Rabi     Perenial   Others     Total

 ----------------------------------------------------------------------------------

   1           2                     3          4          5         6         7

 ----------------------------------------------------------------------------------

  1.    ANDHRA PRADESH             16895      8794      1371       287      27347

  2.    ARUNACHAL PRADESH              0         0         0         0          0

  3.    ASSAM                          0         0         0         0          0

  4.    BIHAR                       9116     14581       728       478      24903

  5.    GOA                            0        24       170        12        206

  6.    GUJARAT                        0         0         0         0          0

  7.    HARYANA                     9124     10806         0         0      19930

  8.    HIMACHAL PRADESH               0         0         0         0          0

  9.    JAMMU & KASHMIR               60        43         0         0        103

 10.    KARNATAKA                  31089     11066      6030      3556      51741

 11.    KERALA                       939      1102       234       485       2760

 12.    MADHYA PRADESH             12833     21596        51       577      35057

 13.    MAHARASHTRA                    0         0         0         0          0

 14.    MANIPUR                        0         0         0         0          0

 15.    MEGHALAYA                      0         0         0         0          0

 16.    MIZORAM                        0         0         0         0          0

 17.    NAGALAND                       0         0         0         0          0

 18.    ORISSA                      2363       675      2531        65       5634

 19.    PUNJAB                      7337      7265       202        93      14897

 20.    RAJASTHAN                    890     11678       122       295      12985

 21.    SIKKIM                         0         0         0         0          0

 22.    TAMIL NADU                152883    156490     43789     30906     384068

 23.    TRIPURA                        0         0         0         0          0

 24.    UTTAR PRADESH              12295      8519       988       453      22255

 25.    WEST BENGAL                  674       775        52        81       1582

 26.    ANDAMAN & NICOBARS             0         0         0         0          0

 27.    DADRA & NAGAR HAVELI           0         0         0         0          0

 28.    DELHI                          0         0         0         0          0

 29.    PONDICHERRY                    0         0         0         0          0

 ----------------------------------------------------------------------------------

             Total :              256498    253414     56268     37288     603468

 ----------------------------------------------------------------------------------







MINOR IRRIGATION CENSUS(1993-94)

Table 1.16    Dugwells according to the constraints



                                                   (in Nos.)

 ---------------------------------------------------------------------------------------------------------------------------

                                    No. of     No. of         Constraints in utilisation of Irri. Pot. Created        Grand

                                    Dugwells   Dugwells   --------------------------------------------------------    Total

   Sl.  Name of State/UTs           in use     with no    Inadequate  Mechanical  Less Water    Other     Total

   No.                                         cons'nts   Powers      Break down  Discharge     Reason   (5 to 8)    (4 + 9)

 ---------------------------------------------------------------------------------------------------------------------------

    1          2                        3           4           5           6           7           8         9          10

 ---------------------------------------------------------------------------------------------------------------------------

  1.    ANDHRA PRADESH               1018370     471138       43643        6555      440016       57018   547232    1018370

  2.    ARUNACHAL PRADESH                  0          0           0           0           0           0        0          0

  3.    ASSAM                             28          0           5           3           3          17       28         28

  4.    BIHAR                         354682       2892       21735       11834      156236      161985   351790     354682

  5.    GOA                             3888          0         138          20         342        3388     3888       3888

  6.    GUJARAT                            0          0           0           0           0           0        0          0

  7.    HARYANA                        26252          0        5713         507         856       19176    26252      26252

  8.    HIMACHAL PRADESH                1703       1088          41          11          71         492      615       1703

  9.    JAMMU & KASHMIR                 1403          0           0           0           0           0        0          0

 10.    KARNATAKA                     271245     138622       61879        4460       53691       12593   132623     271245

 11.    KERALA                        126536          0        3836         855       19253      102592   126536     126536

 12.    MADHYA PRADESH               1070280     307764       13142        4218      308131      437025   762516    1070280

 13.    MAHARASHTRA                        0          0           0           0           0           0        0          0

 14.    MANIPUR                            0          0           0           0           0           0        0          0

 15.    MEGHALAYA                          2          0           0           0           2           0        2          2

 16.    MIZORAM                          403        403           0           0           0           0        0        403

 17.    NAGALAND                         232          0          20           0           1         211      232        232

 18.    ORISSA                        266403      43649        3488         858       34669      183739   222754     266403

 19.    PUNJAB                         11511          0        7723          76         238        3474    11511      11511

 20.    RAJASTHAN                     820032     692607       38014        4912       65254       19245   127425     820032

 21.    SIKKIM                             0          0           0           0           0           0        0          0

 22.    TAMIL NADU                   1137980       1427       36185       14713      466029      619626  1136553    1137980

 23.    TRIPURA                          800        362           0           1         368          69      438        800

 24.    UTTAR PRADESH                 121825        454       10876        3439       66186       40870   121371     121825

 25.    WEST BENGAL                    49862          0        1690         390       15311       32471    49862      49862

 26.    ANDAMAN & NICOBARS                 0          0           0           0           0           0        0          0

 27.    DADRA & NAGAR HAVELI             409        242           5           0          85          77      167        409

 28.    DELHI                              0          0           0           0           0           0        0          0

 29.    PONDICHERRY                      191        191           0           0           0           0        0        191

 ---------------------------------------------------------------------------------------------------------------------------

             Total :                 5284037    1660839      248133       52852     1626742     1694068  3621795    5282634

 ---------------------------------------------------------------------------------------------------------------------------


