



MINOR IRRIGATION CENSUS (1993-94)

Table 2.1    Construction of Tubewell over the year



                                                  (in Nos.)

 ------------------------------------------------------------------------------------------------------------------------------

                                                            Construction of Tubewell over the years

                                    ------------------------------------------------------------------------------------------

  Sl.   Name of State/UTs.           Upto      During    During    During    During    During    During    During      Total

  No.                                1986-87   1987-88   1988-89   1989-90   1990-91   1991-92   1992-93   1993-94   (3 to 10)

 ------------------------------------------------------------------------------------------------------------------------------

   1           2                        3         4         5         6         7         8         9         10        11

 ------------------------------------------------------------------------------------------------------------------------------

     1.  ANDHRA PRADESH              98434     21466     25526     33878     38724     39474     33970     25725      317197

     2.  ARUNACHAL PRADESH               0         0         0         0         0         0         0         0           0

     3.  ASSAM                       12578      3009      3383      3018      2279      1070      1084       651       27072

     4.  BIHAR                      138940     50333     65929     81313     84473     72003     57893     38635      589519

     5.  GOA                             6         0         0         9         6         4         3         0          28

     6.  GUJARAT                         0         0         0         0         0         0         0         0           0

     7.  HARYANA                    188204     77189     62100     65384     41461     29800     18545     11611      494294

     8.  HIMACHAL PRADESH              798       122       137       188       107        76       134        62        1624

     9.  JAMMU & KASHMIR               749       196       188        80        35        25        18        22        1313

    10.  KARNATAKA                   15143      5513      7260      8643     11134     10510      9644     11749       79596

    11.  KERALA                        217       189       228       247       346       511       267       359        2364

    12.  MADHYA PRADESH              21675      6454      8712     13918     23226     18251     15894     13374      121504

    13.  MAHARASHTRA                     0         0         0         0         0         0         0         0           0

    14.  MANIPUR                         0         0         7         5         3         7         9         5          36

    15.  MEGHALAYA                     107         0         0         0         0         0         0         3         110

    16.  MIZORAM                         0         0         0         0         0         0         0         0           0

    17.  NAGALAND                        2         0         0         0         0         0         0         4           6

    18.  ORISSA                       6362       961      1154      1688      2457      1846      1785      1842       18095

    19.  PUNJAB                     590694    104769     75034     63051     44708     30744     20145     15064      944209

    20.  RAJASTHAN                   26134      6513      6664      5946      5221      5147      3811      3663       63099

    21.  SIKKIM                          0         0         0         0         0         0         0         0           0

    22.  TAMIL NADU                  45199      7339      6445      5580      4394      3002      1989      2373       76321

    23.  TRIPURA                        54        26        18         8         9         7         0        14         136

    24.  UTTAR PRADESH              616761    201660    210104    208232    229437    188366    159089    168917     1982566

    25.  WEST BENGAL                114586     56049     54105     60384     65693     53862     45268     54691      504638

    26.  ANDAMAN & NICOBARS              0         0         0         0         0         0         0         0           0

    27.  DADRA & NAGAR HAVELI            0         0         0         0         0         0         0         0           0

    28.  DELHI                        4807       956       818       744       641       460       338       256        9020

    29.  PONDICHERRY                  2769       253       271       141       180        95        80       106        3895

 ------------------------------------------------------------------------------------------------------------------------------

                   Total :         1884219    542997    528083    552457    554534    455260    369966    349126     5236642

 ------------------------------------------------------------------------------------------------------------------------------







MINOR IRRIGATION CENSUS (1993-94)

Table 2.2     Distribution according to ownership



                                                  (in Nos.)

 --------------------------------------------------------------------------------------------------------------

                                                                 Tubewell  Owned   by

                                    ---------------------------------------------------------------------------

  Sl.   Name of State/UTs.            Govt.    Coop.      Panchayat  Group of   Individual  Others      Total

  No.                                 Owned    Societies  Owned      farmers    farmers               (3 to 8)

 --------------------------------------------------------------------------------------------------------------

   1           2                         3         4         5           6          7          8          9

 --------------------------------------------------------------------------------------------------------------

     1.  ANDHRA PRADESH                824        519        126      15644     299697        387     317197

     2.  ARUNACHAL PRADESH               0          0          0          0          0          0          0

     3.  ASSAM                        2443         38          0        722      23867          2      27072

     4.  BIHAR                        3849        562        549        488     583406        665     589519

     5.  GOA                             0          1          0          6         21          0         28

     6.  GUJARAT                         0          0          0          0          0          0          0

     7.  HARYANA                       865        618       2811     260942     228388        670     494294

     8.  HIMACHAL PRADESH              276          1          1         66       1280          0       1624

     9.  JAMMU & KASHMIR               185        202         16        244        622         44       1313

    10.  KARNATAKA                      95         53         10        560      78825         53      79596

    11.  KERALA                         45          2          7          4       2300          6       2364

    12.  MADHYA PRADESH                806        116        136       5338     115048         60     121504

    13.  MAHARASHTRA                     0          0          0          0          0          0          0

    14.  MANIPUR                        36          0          0          0          0          0         36

    15.  MEGHALAYA                       1          0          0          2        107          0        110

    16.  MIZORAM                         0          0          0          0          0          0          0

    17.  NAGALAND                        0          0          0          0          6          0          6

    18.  ORISSA                       1583         15         12        131      16339         15      18095

    19.  PUNJAB                        538        101        311        570     942618         71     944209

    20.  RAJASTHAN                     139         67         12      32471      30366         44      63099

    21.  SIKKIM                          0          0          0          0          0          0          0

    22.  TAMIL NADU                     77         31         68        752      74727        666      76321

    23.  TRIPURA                         8         19          1          1        107          0        136

    24.  UTTAR PRADESH                 951        102        310       7777    1973360         66    1982566

    25.  WEST BENGAL                  8146       2608       4395       9988     478469       1032     504638

    26.  ANDAMAN & NICOBARS              0          0          0          0          0          0          0

    27.  DADRA & NAGAR HAVELI            0          0          0          0          0          0          0

    28.  DELHI                           0          0          0          0       9020          0       9020

    29.  PONDICHERRY                    49          3          1          4       3826         12       3895

 --------------------------------------------------------------------------------------------------------------

                   Total :           20916       5058       8766     335710    4862399       3793    5236642

 --------------------------------------------------------------------------------------------------------------







MINOR IRRIGATION CENSUS (1993-94)

Table 2.3    Distribution of Tubewell according to the holding size



                                                  (in Nos.)

 -------------------------------------------------------------------------------------

                                          According to Farmers' Holding size

                                 -----------------------------------------------------

   Sl.  Name of State/UTs         Marginal   Small      Medium     Big        Total

   No.                            (0-1 ha)  (1-2 ha)   (2-10 ha)  (>10 ha)   (3 to 6)

 -------------------------------------------------------------------------------------

    1          2                       3         4         5         6          7

 -------------------------------------------------------------------------------------

    1.  ANDHRA PRADESH             96313     109545     102148       7335    315341

    2.  ARUNACHAL PRADESH              0          0          0          0         0

    3.  ASSAM                        500       3618      20400         71     24589

    4.  BIHAR                     246884     195614     129589      11807    583894

    5.  GOA                            6         12          8          1        27

    6.  GUJARAT                        0          0          0          0         0

    7.  HARYANA                    38122     110512     313569      27127    489330

    8.  HIMACHAL PRADESH             374        364        476        132      1346

    9.  JAMMU & KASHMIR              402        426        402         83      1313

   10.  KARNATAKA                  14449      28835      32063       4038     79385

   11.  KERALA                      1976        241         84          3      2304

   12.  MADHYA PRADESH              6654      18858      62960      31914    120386

   13.  MAHARASHTRA                    0          0          0          0         0

   14.  MANIPUR                        0          0          0          0         0

   15.  MEGHALAYA                     10         39         42         18       109

   16.  MIZORAM                        0          0          0          0         0

   17.  NAGALAND                       1          1          4          0         6

   18.  ORISSA                      4425       6521       5134        390     16470

   19.  PUNJAB                    107938     190988     573586      70676    943188

   20.  RAJASTHAN                   4176      13193      42567       2901     62837

   21.  SIKKIM                         0          0          0          0         0

   22.  TAMIL NADU                 33697      23476      16748       1558     75479

   23.  TRIPURA                       78          7          7         16       108

   24.  UTTAR PRADESH             862395     643856     440148      34738   1981137

   25.  WEST BENGAL               240771     174185      68190       5311    488457

   26.  ANDAMAN & NICOBARS             0          0          0          0         0

   27.  DADRA & NAGAR HAVELI           0          0          0          0         0

   28.  DELHI                       3148       3404       2423         45      9020

   29.  PONDICHERRY                 1856       1287        678          9      3830

 -------------------------------------------------------------------------------------

             Total :             1664175    1524982    1811226     198173   5198556

 -------------------------------------------------------------------------------------







MINOR IRRIGATION CENSUS (1993-94)

Table 2.4    Distribution of Tubewell according to social status



                                                  (in Nos.)

 ----------------------------------------------------------------------------------------------------

                                       According to Social Status of farmers    Owned by      Grand

                                    -----------------------------------------   other than    Total

   Sl.  Name of State/UTs.          Schedule   Schedule   Others      Total     ind./group

   No.                              Caste      Tribe                (3 +4 +5)   of farmers    (6 + 7)

 ----------------------------------------------------------------------------------------------------

    1          2                        3          4         5          6            7           8

 ----------------------------------------------------------------------------------------------------

     1.  ANDHRA PRADESH               22765      11634    280942      315341       1856      317197

     2.  ARUNACHAL PRADESH                0          0         0           0          0           0

     3.  ASSAM                         1719       4890     17980       24589       2483       27072

     4.  BIHAR                        54349       8856    520689      583894       5625      589519

     5.  GOA                              0          0        27          27          1          28

     6.  GUJARAT                          0          0         0           0          0           0

     7.  HARYANA                      12606      13298    463426      489330       4964      494294

     8.  HIMACHAL PRADESH                70          5      1271        1346        278        1624

     9.  JAMMU & KASHMIR                273          0       593         866        447        1313

    10.  KARNATAKA                     5715       3572     70098       79385        211       79596

    11.  KERALA                          52         12      2240        2304         60        2364

    12.  MADHYA PRADESH                4979       3421    111986      120386       1118      121504

    13.  MAHARASHTRA                      0          0         0           0          0           0

    14.  MANIPUR                          0          0         0           0         36          36

    15.  MEGHALAYA                        0        108         1         109          1         110

    16.  MIZORAM                          0          0         0           0          0           0

    17.  NAGALAND                         0          6         0           6          0           6

    18.  ORISSA                        3139        283     13048       16470       1625       18095

    19.  PUNJAB                       32060      10782    900346      943188       1021      944209

    20.  RAJASTHAN                     5348       7965     49524       62837        262       63099

    21.  SIKKIM                           0          0         0           0          0           0

    22.  TAMIL NADU                    5147        841     69491       75479        842       76321

    23.  TRIPURA                         23         18        67         108         28         136

    24.  UTTAR PRADESH               261511      29840   1689786     1981137       1429     1982566

    25.  WEST BENGAL                  92696      11106    384655      488457      16181      504638

    26.  ANDAMAN & NICOBARS               0          0         0           0          0           0

    27.  DADRA & NAGAR HAVELI             0          0         0           0          0           0

    28.  DELHI                          287         31      8702        9020          0        9020

    29.  PONDICHERRY                     63         10      3757        3830         65        3895

 ----------------------------------------------------------------------------------------------------

                   Total :           502802     106678   4588629     5198109      38533     5236642

 ----------------------------------------------------------------------------------------------------







MINOR IRRIGATION CENSUS (1993-94)

Table 2.5    Distribution of Tubewell by its type



                                                  (in Nos.)

 ----------------------------------------------------------------------------------

                                                 Type of Tubewells

                                 --------------------------------------------------

   Sl.  Name of State/UTs.       Shallow   Filter    Borewell  Others     Total

   No.                                                                  (3 to 6)

 ----------------------------------------------------------------------------------

    1          2                     3          4         5        6          7

 ----------------------------------------------------------------------------------

   1.  ANDHRA PRADESH             223688     43738     48000      1771     317197

   2.  ARUNACHAL PRADESH               0         0         0         0          0

   3.  ASSAM                       26759       209        22        82      27072

   4.  BIHAR                      537520      9694     29414     12891     589519

   5.  GOA                             9         7        11         1         28

   6.  GUJARAT                         0         0         0         0          0

   7.  HARYANA                    458222     13732     16891      5449     494294

   8.  HIMACHAL PRADESH             1465        20       136         3       1624

   9.  JAMMU & KASHMIR              1313         0         0         0       1313

  10.  KARNATAKA                   26590      4055     45685      3266      79596

  11.  KERALA                       1107      1021       225        11       2364

  12.  MADHYA PRADESH              95843      1985     23080       596     121504

  13.  MAHARASHTRA                     0         0         0         0          0

  14.  MANIPUR                        36         0         0         0         36

  15.  MEGHALAYA                     109         0         1         0        110

  16.  MIZORAM                         0         0         0         0          0

  17.  NAGALAND                        6         0         0         0          6

  18.  ORISSA                      15894      1615       548        38      18095

  19.  PUNJAB                     803958     68916     64036      7299     944209

  20.  RAJASTHAN                   56519       775      5543       262      63099

  21.  SIKKIM                          0         0         0         0          0

  22.  TAMIL NADU                  46454     11323     13751      4793      76321

  23.  TRIPURA                       108        22         4         2        136

  24.  UTTAR PRADESH             1874453     32013     61851     14249    1982566

  25.  WEST BENGAL                462701     26873      8052      7012     504638

  26.  ANDAMAN & NICOBARS              0         0         0         0          0

  27.  DADRA & NAGAR HAVELI            0         0         0         0          0

  28.  DELHI                        8914        14        88         4       9020

  29.  PONDICHERRY                  2661        38      1194         2       3895

 ----------------------------------------------------------------------------------

             Total :             4644329    216050    318532     57731    5236642

 ----------------------------------------------------------------------------------







MINOR IRRIGATION CENSUS (1993-94)

Table 2.6    Distribution of Tubewell by its status



                                                  (in Nos.)

 -------------------------------------------------------------------------------------------------------------------

                                   T'wells  ---------------  Tubewell Not in Use  ------------------------   Grand

   Sl.  Name of State/UTs.           In     Temporary  Abondoned  Dried up  Destroyed   Others    Total      Total

   No.                               Use               (Salinity)                               (4 to 8)    (3 + 9)

 -------------------------------------------------------------------------------------------------------------------

    1          2                       3          4         5          6          7        8         9         10

 -------------------------------------------------------------------------------------------------------------------

     1. ANDHRA PRADESH             304358      8294       651       3061       312       521      12839     317197

     2. ARUNACHAL PRADESH               0         0         0          0         0         0          0          0

     3. ASSAM                       20158      6187        48        193       235       251       6914      27072

     4. BIHAR                      575252      6892       720       3246      2152      1257      14267     589519

     5. GOA                            26         0         0          0         0         2          2         28

     6. GUJARAT                         0         0         0          0         0         0          0          0

     7. HARYANA                    492159         0         0          0         0      2135       2135     494294

     8. HIMACHAL PRADESH             1604        18         0          1         1         0         20       1624

     9. JAMMU & KASHMIR              1302        11         0          0         0         0         11       1313

    10. KARNATAKA                   75469      1958       985        750       115       319       4127      79596

    11. KERALA                       2344         8         2          6         1         3         20       2364

    12. MADHYA PRADESH             119243       727       240        498        63       733       2261     121504

    13. MAHARASHTRA                     0         0         0          0         0         0          0          0

    14. MANIPUR                        36         0         0          0         0         0          0         36

    15. MEGHALAYA                     110         0         0          0         0         0          0        110

    16. MIZORAM                         0         0         0          0         0         0          0          0

    17. NAGALAND                        6         0         0          0         0         0          0          6

    18. ORISSA                      15284      2173       151        132       166       189       2811      18095

    19. PUNJAB                     938503      4361      1052        142        73        78       5706     944209

    20. RAJASTHAN                   58595      4336        60         64        22        22       4504      63099

    21. SIKKIM                          0         0         0          0         0         0          0          0

    22. TAMIL NADU                  70153      2273       954        328       137      2476       6168      76321

    23. TRIPURA                       113         0         0          0         1        22         23        136

    24. UTTAR PRADESH             1972140      3882      2617       1638      1809       480      10426    1982566

    25. WEST BENGAL                489162      9762      1694       1413      1411      1196      15476     504638

    26. ANDAMAN & NICOBARS              0         0         0          0         0         0          0          0

    27. DADRA & NAGAR HAVELI            0         0         0          0         0         0          0          0

    28. DELHI                        8984        22         3          3         5         3         36       9020

    29. PONDICHERRY                  3643        70         2        158        17         5        252       3895

 -------------------------------------------------------------------------------------------------------------------

              Total :             5148644     50974      9179      11633      6520      9692      87998    5236642

 -------------------------------------------------------------------------------------------------------------------







MINOR IRRIGATION CENSUS (1993-94)

Table 2.7  Distribution of Tubewell according to Finance source



                                                  (in Nos.)

 ------------------------------------------------------------------------------------------------------

                                          Source of Finance for constructing Tubewell

                                ----------------------------------------------------------------------

   Sl.  Name of State/UTs.        Govt.    Farmers   Loan &   Subsidy &   Subsidy   Others     Total

   No.                            Fund     Saving    Saving   Bank loan   Only               (3 to 8)

 ------------------------------------------------------------------------------------------------------

    1          2                     3         4         5          6         7         8         9

 ------------------------------------------------------------------------------------------------------

     1. ANDHRA PRADESH           210164     75204     14240      8589      7482       694      316373

     2. ARUNACHAL PRADESH             0         0         0         0         0         0           0

     3. ASSAM                        99      2150       422      5443     16492        23       24629

     4. BIHAR                     88880    236257     31346     59383     94174     75630      585670

     5. GOA                           9         4         3         4         8         0          28

     6. GUJARAT                       0         0         0         0         0         0           0

     7. HARYANA                   81337    334447     69708      2599      2066      3272      493429

     8. HIMACHAL PRADESH            236       983        95         8        23         3        1348

     9. JAMMU & KASHMIR             106       645        45       219       246        52        1313

    10. KARNATAKA                  8059     43487     22058      3658       844      1395       79501

    11. KERALA                      186      1366       267       399        75        26        2319

    12. MADHYA PRADESH            15484     93108      7277      2902      1305       622      120698

    13. MAHARASHTRA                   0         0         0         0         0         0           0

    14. MANIPUR                       0         0         0         0         0         0           0

    15. MEGHALAYA                     1       108         0         0         0         0         109

    16. MIZORAM                       0         0         0         0         0         0           0

    17. NAGALAND                      0         0         0         0         6         0           6

    18. ORISSA                     1349      5658      3933      4033      1533         6       16512

    19. PUNJAB                   194418    730238     15774      1090       815      1336      943671

    20. RAJASTHAN                 17525     39912      4184      1034       159       146       62960

    21. SIKKIM                        0         0         0         0         0         0           0

    22. TAMIL NADU                48616     23426      2896       163       673       470       76244

    23. TRIPURA                      53        26         2        27        20         0         128

    24. UTTAR PRADESH             95004    988372    293120    580439     16968      7712     1981615

    25. WEST BENGAL               29876    389656     36386     24298     10183      6093      496492

    26. ANDAMAN & NICOBARS            0         0         0         0         0         0           0

    27. DADRA & NAGAR HAVELI          0         0         0         0         0         0           0

    28. DELHI                        32      8965        20         1         1         1        9020

    29. PONDICHERRY                 102      3364       270       102         1         7        3846

 ------------------------------------------------------------------------------------------------------

                   Total :       791536   2977376    502046    694391    153074     97488     5215911

 ------------------------------------------------------------------------------------------------------







MINOR IRRIGATION CENSUS (1993-94)

Table 2.8    Tubewell according to water distribution system



                                                  (in Nos.)

 ------------------------------------------------------------------------------------------------

                                            According to Water Distribution System

                                    -------------------------------------------------------------

   Sl.  Name of State/UTs.          Sprinkler    Drip    Open      Under gr.   Others     Total

   No.                                           Irri.   Channel   Channel              (3 to 7)

 ------------------------------------------------------------------------------------------------

    1          2                         3         4         5         6           7         8

 ------------------------------------------------------------------------------------------------

     1.  ANDHRA PRADESH                4294      1447    248669     53285      9502      317197

     2.  ARUNACHAL PRADESH                0         0         0         0         0           0

     3.  ASSAM                            7        24     26491         6       544       27072

     4.  BIHAR                         3943      4428    557721      2948     20479      589519

     5.  GOA                              1         1        14        10         2          28

     6.  GUJARAT                          0         0         0         0         0           0

     7.  HARYANA                      25503      3367    438055     22074      5295      494294

     8.  HIMACHAL PRADESH                10        34      1513        61         6        1624

     9.  JAMMU & KASHMIR                  0         0      1313         0         0        1313

    10.  KARNATAKA                     2995       906     46874     21146      7675       79596

    11.  KERALA                           7        22       365       610      1360        2364

    12.  MADHYA PRADESH                7609       836     57391     46407      9261      121504

    13.  MAHARASHTRA                      0         0         0         0         0           0

    14.  MANIPUR                          0         0        36         0         0          36

    15.  MEGHALAYA                        0         0       110         0         0         110

    16.  MIZORAM                          0         0         0         0         0           0

    17.  NAGALAND                         0         0         0         0         6           6

    18.  ORISSA                          69        28     16588       355      1055       18095

    19.  PUNJAB                        6338      7741    927408      2071       651      944209

    20.  RAJASTHAN                     3189       844     51752       851      6463       63099

    21.  SIKKIM                           0         0         0         0         0           0

    22.  TAMIL NADU                    2996      1039     66996      1398      3892       76321

    23.  TRIPURA                          3         1       130         2         0         136

    24.  UTTAR PRADESH                16544     25275   1898841     11341     30565     1982566

    25.  WEST BENGAL                   7454      4306    481946      3622      7310      504638

    26.  ANDAMAN & NICOBARS               0         0         0         0         0           0

    27.  DADRA & NAGAR HAVELI             0         0         0         0         0           0

    28.  DELHI                           23        41      8670       284         2        9020

    29.  PONDICHERRY                      3      1489      2178       180        45        3895

 ------------------------------------------------------------------------------------------------

               Total :                80988     51829   4833061    166651    104113     5236642

 ------------------------------------------------------------------------------------------------







MINOR IRRIGATION CENSUS (1993-94)

Table 2.9   Distribution of Tubewell according to water lifting device



                                                  (in Nos.)

 -------------------------------------------------------------------------------------------------------

                                             According to Water Lifting Devices for Tubewell

                                  ----------------------------------------------------------------------

  Sl.   Name of State/UTs.        Electric   Diesel     Wind      Solar    Man/Ani.   Others    Total

  No.                             Pumps      Pumps      Mills     Pumps    operated            (3 to 8)

 -------------------------------------------------------------------------------------------------------

   1           2                       3        4          5         6         7         8         9

 -------------------------------------------------------------------------------------------------------

     1. ANDHRA PRADESH             296234     18270       151       133      1283      1126     317197

     2. ARUNACHAL PRADESH               0         0         0         0         0         0          0

     3. ASSAM                         410     26657         1         1         2         1      27072

     4. BIHAR                       35415    547404      1719       313      3303      1365     589519

     5. GOA                            26         1         0         0         0         1         28

     6. GUJARAT                         0         0         0         0         0         0          0

     7. HARYANA                    341437    148206      1631       191      1024      1805     494294

     8. HIMACHAL PRADESH              945       661         3         0         6         9       1624

     9. JAMMU & KASHMIR              1164       149         0         0         0         0       1313

    10. KARNATAKA                   77271       562       199        95       413      1056      79596

    11. KERALA                       2037       254         2         2        57        12       2364

    12. MADHYA PRADESH             117830      2036       127        47       838       626     121504

    13. MAHARASHTRA                     0         0         0         0         0         0          0

    14. MANIPUR                         0        23         0         0         0        13         36

    15. MEGHALAYA                       0        80         0         0         1        29        110

    16. MIZORAM                         0         0         0         0         0         0          0

    17. NAGALAND                        2         4         0         0         0         0          6

    18. ORISSA                       9164      8035        32        11       813        40      18095

    19. PUNJAB                     580207    353396      5034       583      1918      3071     944209

    20. RAJASTHAN                   13600     48081        90        16       159      1153      63099

    21. SIKKIM                          0         0         0         0         0         0          0

    22. TAMIL NADU                  55622     17919       165        99      1477      1039      76321

    23. TRIPURA                        52         1         0         0        79         4        136

    24. UTTAR PRADESH              306978   1624923      7624     33299      2082      7660    1982566

    25. WEST BENGAL                 63254    431553      1423        89      5461      2858     504638

    26. ANDAMAN & NICOBARS              0         0         0         0         0         0          0

    27. DADRA & NAGAR HAVELI            0         0         0         0         0         0          0

    28. DELHI                        8245       754         4         3        11         3       9020

    29. PONDICHERRY                  3754        55         0         0         1        85       3895

 -------------------------------------------------------------------------------------------------------

              Total :             1913647   3229024     18205     34882     18928     21956    5236642

 -------------------------------------------------------------------------------------------------------







MINOR IRRIGATION CENSUS (1993-94)

Table 2.10    Distribution of Tubewell according to horse power



                                                  (in Nos.)

 ---------------------------------------------------------------------------------------------------------------------

                                                       According to horse power of lifting devices

                                    ----------------------------------------------------------------------------------

  Sl.   Name of State/UTs.            0-2 hp    2-4 hp    4-6 hp    6-8 hp    8-10 hp   Above   Unspecified   Total

  No.                                                                                   10 hp    hp = 0      (3 to 9)

 ---------------------------------------------------------------------------------------------------------------------

   1           2                         3         4          5         6         7         8        9           10

 ---------------------------------------------------------------------------------------------------------------------

     1.  ANDHRA PRADESH                1285     40244    243683     20048      8297      2357      1283      317197

     2.  ARUNACHAL PRADESH                0         0         0         0         0         0         0           0

     3.  ASSAM                            9       346     26607        49         9        50         2       27072

     4.  BIHAR                         6772     23400    500724     49033      5235      1232      3123      589519

     5.  GOA                              7        15         3         2         1         0         0          28

     6.  GUJARAT                          0         0         0         0         0         0         0           0

     7.  HARYANA                       5478      7765    137686    241959     77847     22535      1024      494294

     8.  HIMACHAL PRADESH                39       168       460       605       191       155         6        1624

     9.  JAMMU & KASHMIR                  2       120       256       261         0       662        12        1313

    10.  KARNATAKA                     1885      9180     54563     10027      3096       432       413       79596

    11.  KERALA                        1904       224       123        22        12        22        57        2364

    12.  MADHYA PRADESH                1326     21304     88095      5728      3615       599       837      121504

    13.  MAHARASHTRA                      0         0         0         0         0         0         0           0

    14.  MANIPUR                         36         0         0         0         0         0         0          36

    15.  MEGHALAYA                        0         0         0         0       109         0         1         110

    16.  MIZORAM                          0         0         0         0         0         0         0           0

    17.  NAGALAND                         0         1         5         0         0         0         0           6

    18.  ORISSA                        1741      4673      9491       751       478       148       813       18095

    19.  PUNJAB                       12788    192461    414183    275237     22065     25557      1918      944209

    20.  RAJASTHAN                     3256       160     14774     40044      3261      1446       158       63099

    21.  SIKKIM                           0         0         0         0         0         0         0           0

    22.  TAMIL NADU                    1184      3330     37433     19837      4623      8335      1579       76321

    23.  TRIPURA                          2        24        29         0         2         0        79         136

    24.  UTTAR PRADESH                11057     14289    228265   1286966    401451     38679      1859     1982566

    25.  WEST BENGAL                    678     11370    472472     11745      2915         0      5458      504638

    26.  ANDAMAN & NICOBARS               0         0         0         0         0         0         0           0

    27.  DADRA & NAGAR HAVELI             0         0         0         0         0         0         0           0

    28.  DELHI                           16      3894      4386       576        89        48        11        9020

    29.  PONDICHERRY                      1         0       948      1218       837       890         1        3895

 ---------------------------------------------------------------------------------------------------------------------

                   Total :            49466    332968   2234186   1964108    534133    103147     18634     5236642

 ---------------------------------------------------------------------------------------------------------------------







MINOR IRRIGATION CENSUS (1993-94)

Table 2.11   Tubewell in the command of Major/Medium projects and average pumping hours



                                                                            (in Nos.)

 ---------------------------------------------------------------------------------------------------------------------------------------

                                    Location  of Tubewell                 According to Average Pumping Hours during peak season

                                 ----------------------------   ------------------------------------------------------------------------

   Sl.  Name of State/UTs.         On the   Outside    Total     0-4 hrs   4-8 hrs   8-12 hrs    12-16     16-20     20-24      Total

   No.                             Maj/Med  Command   (3 + 4)                                     hrs       hrs       hrs     (6 to 11)

 ---------------------------------------------------------------------------------------------------------------------------------------

    1          2                       3         4        5           6         7         8         9         10        11         12

 ---------------------------------------------------------------------------------------------------------------------------------------

     1.  ANDHRA PRADESH            54689    262508    317197       60836    152027     80789     15124      5792      2629     317197

     2.  ARUNACHAL PRADESH             0         0         0           0         0         0         0         0         0          0

     3.  ASSAM                         0     27072     27072       15412     11281       378         1         0         0      27072

     4.  BIHAR                     42591    546928    589519       96731    443257     43497      4140      1212       682     589519

     5.  GOA                           0        28        28          19         7         2         0         0         0         28

     6.  GUJARAT                       0         0         0           0         0         0         0         0         0          0

     7.  HARYANA                  110542    383752    494294       61433    286095    122079     10172      4215     10300     494294

     8.  HIMACHAL PRADESH             63      1561      1624         362       704       474        61        23         0       1624

     9.  JAMMU & KASHMIR              34      1279      1313         945       368         0         0         0         0       1313

    10.  KARNATAKA                 10170     69426     79596       20311     46467      9720      1464       901       733      79596

    11.  KERALA                      118      2246      2364        1897       373        62        26         4         2       2364

    12.  MADHYA PRADESH             3784    117720    121504        9237     46242     36980     22642      6100       303     121504

    13.  MAHARASHTRA                   0         0         0           0         0         0         0         0         0          0

    14.  MANIPUR                       0        36        36           0        36         0         0         0         0         36

    15.  MEGHALAYA                    97        13       110          45        65         0         0         0         0        110

    16.  MIZORAM                       0         0         0           0         0         0         0         0         0          0

    17.  NAGALAND                      0         6         6           0         6         0         0         0         0          6

    18.  ORISSA                     2911     15184     18095        7681      7845      2045       407       100        17      18095

    19.  PUNJAB                   426825    517384    944209       52234    426568    447421     10714      3296      3976     944209

    20.  RAJASTHAN                  1257     61842     63099       14650     36759     10869       471       144       206      63099

    21.  SIKKIM                        0         0         0           0         0         0         0         0         0          0

    22.  TAMIL NADU                40861     35460     76321       14744     32376     17570      7764      3100       767      76321

    23.  TRIPURA                       0       136       136          98        31         1         0         0         6        136

    24.  UTTAR PRADESH            301096   1681470   1982566      323742   1237276    369348     39685     10494      2021    1982566

    25.  WEST BENGAL               55042    449596    504638       85452    185314    152220     56949     24703         0     504638

    26.  ANDAMAN & NICOBARS            0         0         0           0         0         0         0         0         0          0

    27.  DADRA & NAGAR HAVELI          0         0         0           0         0         0         0         0         0          0

    28.  DELHI                       152      8868      9020         907      4781      3193       125        13         1       9020

    29.  PONDICHERRY                   1      3894      3895         236      1583       925       298       311       542       3895

 ---------------------------------------------------------------------------------------------------------------------------------------

                   Total :       1050233   4186409    5236642     766972   2919461   1297573    170043     60408     22185     5236642

 ---------------------------------------------------------------------------------------------------------------------------------------







MINOR IRRIGATION CENSUS (1993-94)

Table 2.12   Average length of Water Conveyance Channel



                                                       (in meters)

 ----------------------------------------------------------------------------------

                                  Total             Average length of channels

                                  Number      --------------------------------------

   Sl.  Name of State/UTs.          of        Pucca    Kuccha   Under gr.   Total

   No.                            T'wells     Channel  Channel  Channel    (4+5+6)

 ----------------------------------------------------------------------------------

    1          2                      3           4        5         6         7

 ----------------------------------------------------------------------------------

  1.    ANDHRA PRADESH            317197          4        64        24        92

  2.    ARUNACHAL PRADESH              0          0         0         0         0

  3.    ASSAM                      27072          1        73         0        74

  4.    BIHAR                     589519          2       112         2       116

  5.    GOA                           28         25        31        54       110

  6.    GUJARAT                        0          0         0         0         0

  7.    HARYANA                   494294         18       151         6       175

  8.    HIMACHAL PRADESH            1624         80       160        81       321

  9.    JAMMU & KASHMIR             1313         46       168         0       214

 10.    KARNATAKA                  79596         43        46        34       123

 11.    KERALA                      2364         39       116        86       241

 12.    MADHYA PRADESH            121504          5        65        42       112

 13.    MAHARASHTRA                    0          0         0         0         0

 14.    MANIPUR                       36          2        19         0        21

 15.    MEGHALAYA                    110          0       263         0       263

 16.    MIZORAM                        0          0         0         0         0

 17.    NAGALAND                       6         20         2         0        22

 18.    ORISSA                     18095         16        63        13        92

 19.    PUNJAB                    944209          7       257         5       269

 20.    RAJASTHAN                  63099         30       116        27       173

 21.    SIKKIM                         0          0         0         0         0

 22.    TAMIL NADU                 76321         19        33         5        57

 23.    TRIPURA                      136          4       144         2       150

 24.    UTTAR PRADESH            1982566          4       107         1       112

 25.    WEST BENGAL               504638          2       119         2       123

 26.    ANDAMAN & NICOBARS             0          0         0         0         0

 27.    DADRA & NAGAR HAVELI           0          0         0         0         0

 28.    DELHI                       9020         10       160         3       173

 29.    PONDICHERRY                 3895         43       191         9       243

 ----------------------------------------------------------------------------------

              Total :            5236642        420      2460       396       3276

 ----------------------------------------------------------------------------------







MINOR IRRIGATION CENSUS (1993-94)

Table 2.13   Culturable Command Area and Potential Created



                                                  (in Ha.)

 ------------------------------------------------------------------------------------------------

                                    Culturable              Irrigation Potential Created

   Sl.   Name of State/UTs.         Command      ------------------------------------------------

   No.                              Area         Kharif     Rabi     Perenial   Others     Total

 ------------------------------------------------------------------------------------------------

   1           2                        3           4          5          6         7         8

 ------------------------------------------------------------------------------------------------

     1.  ANDHRA PRADESH                532443    379221    280491     72829     16154     748695

     2.  ARUNACHAL PRADESH                  0         0         0         0         0          0

     3.  ASSAM                          59314     52275     36056       123      2659      91113

     4.  BIHAR                        1853817    948008   1332318    111423    173373    2565122

     5.  GOA                               51         0         5        45         2         52

     6.  GUJARAT                            0         0         0         0         0          0

     7.  HARYANA                      1333977   1055035   1055038         0         0    2110073

     8.  HIMACHAL PRADESH                4905      2508      4555        77        29       7169

     9.  JAMMU & KASHMIR                 1563      1600      1526         0         0       3126

    10.  KARNATAKA                     153319    112698     53813     37968     13699     218178

    11.  KERALA                          2534       411       333       881      1339       2964

    12.  MADHYA PRADESH                544517    115037    509245     15571      5106     644959

    13.  MAHARASHTRA                        0         0         0         0         0          0

    14.  MANIPUR                          308         0       308         0         0        308

    15.  MEGHALAYA                        285       153       226         5         0        384

    16.  MIZORAM                            0         0         0         0         0          0

    17.  NAGALAND                          22        13        13         0         0         26

    18.  ORISSA                         71053     52761     69219      4645      4625     131250

    19.  PUNJAB                       3535501   3270578   3372497    122111     82631    6847817

    20.  RAJASTHAN                     273532      3587    277113       202       430     281332

    21.  SIKKIM                             0         0         0         0         0          0

    22.  TAMIL NADU                    148320    105329     64412     19256     13518     202515

    23.  TRIPURA                          506       357       212         4        16        589

    24.  UTTAR PRADESH                7692769   3793641   4816958   1329017    616806   10556422

    25.  WEST BENGAL                  1015476    648432    476087     33361    385706    1543586

    26.  ANDAMAN & NICOBARS                 0         0         0         0         0          0

    27.  DADRA & NAGAR HAVELI               0         0         0         0         0          0

    28.  DELHI                          24639     19310     24759        57        38      44164

    29.  PONDICHERRY                     5863      3757      2697      1500       560       8514

 ------------------------------------------------------------------------------------------------

                 Total :             17254714  10564711  12377881   1749075   1316691   26008358

 ------------------------------------------------------------------------------------------------







MINOR IRRIGATION CENSUS (1993-94)

Table 2.14    Irrigation Potential Utilised



                                                  (in Ha.)

 ----------------------------------------------------------------------------------

                                        Actual Area Irrigated during 1993-94

   Sl.   Name of State/UTs.      --------------------------------------------------

   No.                             Kharif     Rabi    Perenial   Others     Total

 ----------------------------------------------------------------------------------

   1           2                      3         4         5         6         7

 ----------------------------------------------------------------------------------

  1.    ANDHRA PRADESH            313907    218410     71387     14274    617978

  2.    ARUNACHAL PRADESH              0         0         0         0         0

  3.    ASSAM                      26423     14890        33       894     42240

  4.    BIHAR                     672961   1057623     80881     67410   1878875

  5.    GOA                            0         1        33         2        36

  6.    GUJARAT                        0         0         0         0         0

  7.    HARYANA                   997149    997158         0         0   1994307

  8.    HIMACHAL PRADESH            2049      4205        65        27      6346

  9.    JAMMU & KASHMIR             1557      1493         0         0      3050

 10.    KARNATAKA                  94494     42766     30350     11103    178713

 11.    KERALA                       400       298       857      1293      2848

 12.    MADHYA PRADESH             39270    451889      2110      4277    497546

 13.    MAHARASHTRA                    0         0         0         0         0

 14.    MANIPUR                        0       195         0         0       195

 15.    MEGHALAYA                     59        16         4         0        79

 16.    MIZORAM                        0         0         0         0         0

 17.    NAGALAND                       9         6         0         0        15

 18.    ORISSA                     17013     30747      6276       167     54203

 19.    PUNJAB                   3055714   3094365    119717     65492   6335288

 20.    RAJASTHAN                   3139    271110       548       287    275084

 21.    SIKKIM                         0         0         0         0         0

 22.    TAMIL NADU                 85399     50819     15736      7664    159618

 23.    TRIPURA                      266       115         3        15       399

 24.    UTTAR PRADESH            3190443   4051540   1004591    405534   8652108

 25.    WEST BENGAL               410082    411361     26245    331978   1179666

 26.    ANDAMAN & NICOBARS             0         0         0         0         0

 27.    DADRA & NAGAR HAVELI           0         0         0         0         0

 28.    DELHI                      18332     24411        67         4     42814

 29.    PONDICHERRY                 3501      2538      1415       468      7922

 ----------------------------------------------------------------------------------

               Total :           8932167  10725956   1360318    910889  21929330

 ----------------------------------------------------------------------------------







MINOR IRRIGATION CENSUS (1993-94)

Table 2.15    Irrigation through supplimentary sources



                                                  (in Ha.)

 ----------------------------------------------------------------------------------

                                        Supplementary Irrigation in 1993-94

   Sl.   Name of State/UTs.      --------------------------------------------------

   No.                             Kharif     Rabi    Perenial   Others     Total

 ----------------------------------------------------------------------------------

   1           2                      3         4         5         6         7

 ----------------------------------------------------------------------------------

  1.    ANDHRA PRADESH             42378     18344      6502      1460     68684

  2.    ARUNACHAL PRADESH              0         0         0         0         0

  3.    ASSAM                          0         0         0         0         0

  4.    BIHAR                      48050     43189      3543      2202     96984

  5.    GOA                            0         0         0         0         0

  6.    GUJARAT                        0         0         0         0         0

  7.    HARYANA                   129606    135248         0         0    264854

  8.    HIMACHAL PRADESH               7         7         0         0        14

  9.    JAMMU & KASHMIR               11        10         0         0        21

 10.    KARNATAKA                   5911      2058      2257      1440     11666

 11.    KERALA                        65        91        16        30       202

 12.    MADHYA PRADESH              4745      2783        63        19      7610

 13.    MAHARASHTRA                    0         0         0         0         0

 14.    MANIPUR                        0         0         0         0         0

 15.    MEGHALAYA                      5         0         4         0         9

 16.    MIZORAM                        0         0         0         0         0

 17.    NAGALAND                       0         0         0         0         0

 18.    ORISSA                      2650      1272       780         5      4707

 19.    PUNJAB                    844027    850528     19819     16150   1730524

 20.    RAJASTHAN                    162       680         0         0       842

 21.    SIKKIM                         0         0         0         0         0

 22.    TAMIL NADU                 31590     23454      5697      1348     62089

 23.    TRIPURA                        0         0         0         0         0

 24.    UTTAR PRADESH             500622    273322     69815     22990    866749

 25.    WEST BENGAL                17225     12862      1878      8491     40456

 26.    ANDAMAN & NICOBARS             0         0         0         0         0

 27.    DADRA & NAGAR HAVELI           0         0         0         0         0

 28.    DELHI                          0         0         0         0         0

 29.    PONDICHERRY                    0         0         0         0         0

 ----------------------------------------------------------------------------------

               Total :           9033696  10799558   1401353    924461  25084741

 ----------------------------------------------------------------------------------







MINOR IRRIGATION CENSUS (1993-94)

Table 2.16    Tubewell according to the constraints



                                                                              (In No.)

 ------------------------------------------------------------------------------------------------------------------------------

                                               No. of         Constraints in utilisation of Irri. Pot. Created          Grand

                                    No. of     Tubewell   --------------------------------------------------------      Total

   Sl.  Name of State/UTs.          Tubewell   with no    Inadequate  Mechanical  Less Water    Other     Total

   No.                              in use     cons'nts   Powers      Break down  Discharge     Reason   (5 to 8)      (4 + 9)

 ------------------------------------------------------------------------------------------------------------------------------

    1          2                          3           4          5          6           7           8          9          10

 ------------------------------------------------------------------------------------------------------------------------------

     1.  ANDHRA PRADESH              304358     175431       37088        3675       68204       19960     128927       304358

     2.  ARUNACHAL PRADESH                0          0           0           0           0           0          0            0

     3.  ASSAM                        20158          0         347        2170        6696       10945      20158        20158

     4.  BIHAR                       575252       7953       61607       92978       51946      360768     567299       575252

     5.  GOA                             26          0           0           0          13          13         26           26

     6.  GUJARAT                          0          0           0           0           0           0          0            0

     7.  HARYANA                     492159          0       79695       16707        6178      389579     492159       492159

     8.  HIMACHAL PRADESH              1604       1222          34          13         137         198        382         1604

     9.  JAMMU & KASHMIR               1302          0           0           0           0          11         11           11

    10.  KARNATAKA                    75469      34129       26302        1360       11595        2083      41340        75469

    11.  KERALA                        2344          0         194           7         180        1963       2344         2344

    12.  MADHYA PRADESH              119243      46108        1781         433       24904       46017      73135       119243

    13.  MAHARASHTRA                      0          0           0           0           0           0          0            0

    14.  MANIPUR                         36          0           0           0           0          36         36           36

    15.  MEGHALAYA                      110          0          98           1           1          10        110          110

    16.  MIZORAM                          0          0           0           0           0           0          0            0

    17.  NAGALAND                         6          0           0           0           0           6          6            6

    18.  ORISSA                       15284       1596        1529         816        1232       10111      13688        15284

    19.  PUNJAB                      938503          0      607470       20129        4337      306567     938503       938503

    20.  RAJASTHAN                    58595      54317         303          11        3925          39       4278        58595

    21.  SIKKIM                           0          0           0           0           0           0          0            0

    22.  TAMIL NADU                   70153       7345       14717         382        2158       45551      62808        70153

    23.  TRIPURA                        113         75          34           2           2           0         38          113

    24.  UTTAR PRADESH              1972140     222701      388779      156356       64512     1139792    1749439      1972140

    25.  WEST BENGAL                 489162          0       38249       27569       45066      378278     489162       489162

    26.  ANDAMAN & NICOBARS               0          0           0           0           0           0          0            0

    27.  DADRA & NAGAR HAVELI             0          0           0           0           0           0          0            0

    28.  DELHI                         8984       6696        1437         201         118         532       2288         8984

    29.  PONDICHERRY                   3643       3455           0           0          60         128        188         3643

 ------------------------------------------------------------------------------------------------------------------------------

                   Total :          5148644     561028     1259664      322810      291264     2712587    4586325      5147353

 ------------------------------------------------------------------------------------------------------------------------------







 ------------------------------------------------------------------------------------------------------------------------------
 
